6482
3209
7389
6275
1857
3461
5837
1273
2418
8403
0682
7458
3105
2437
7920
6320
5734
1364
5293
3697
9762
1754
2801
2063
4270
3120
3980
4615
8456
7532
7681
6035
1408
3759
7508
5428
7316
7618
5706
9350
7026
6082
0983
0673
7062
6130
0268
6593
5827
3075
1504
7904
0842
6832
8942
2790
7615
0258
1802
1280
3184
5368
7683
4806
2490
9053
8792
7124
8372
3594
4723
3721
1048
0971
2365
1735
8459
9147
3976
7069
8276
1083
5423
5286
8267
1286
4832
9768
1793
7493
4793
0657
0264
0638
7458
4812
3024
8206
7426
5471
4783
5370
7082
5187
4067
6912
5613
5980
1980
3487
5480
0425
1624
5420
1357
9432
9824
0482
5612
6803
5871
3286
2890
1305
2839
2650
9368
5647
5601
1237
6701
7936
4712
4563
1532
7509
2149
6257
2847
3521
5014
2509
9483
7691
3418
9851
6107
8706
9136
9540
7985
0836
6481
4723
4389
2149
5183
4135
7325
2543
2735
7158
7835
9014
9384
2437
5840
8037
2635
1274
2906
4965
2549
3095
8924
9512
0725
0324
6941
6283
3052
3587
6405
5731
4813
9760
6497
9248
4739
5791
5418
7465
9284
3180
3541
4859
5013
8230
3078
2190
5281
8917
1386
4083
8351
7392
3856
6853
9602
6289
0127
6021
2681
3718
6805
2708
8647
4263
3260
2714
8951
4987
2754
5109
3275
5496
2480
9807
7182
4518
9386
6149
3045
3295
1296
7953
0741
2617
0521
9810
6524
3179
8192
6950
7152
9042
3025
7184
8294
2097
3064
9621
7435
1539
9365
0815
8263
4952
5794
6725
4582
9486
1064
6290
2874
2514
3814
5680
4782
7398
9541
8170
5132
1589
9872
5609
3204
7690
9865
2406
4916
6180
0582
4509
5249
4527
2869
8925
3896
1958
3567
1568
0713
8740
1253
1923
5902
2489
1602
7153
3240
7098
3650
6941
4620
3712
0849
0762
8397
0492
2570
4308
6240
5631
3216
3478
3482
6043
9425
0241
6279
6972
7428
4356
5617
3416
0539
9145
2475
7690
8207
1753
4081
7405
2469
2980
3748
4605
5312
1386
3297
4513
5823
1605
6809
1479
2356
2016
1547
9075
4287
9615
6984
4980
4028
4136
1385
3798
2648
1493
6517
4708
5369
3502
0216
5476
3291
8269
7945
1742
4570
7918
2908
9142
5430
1493
4578
0521
5280
6317
4920
0368
5026
0498
2178
8695
6127
1026
2813
8725
2910
2860
8736
6597
3658
6178
6231
7926
4215
6145
6432
5689
1857
5978
2974
5183
4705
6142
1532
9758
4186
1836
0637
9762
6508
9613
5682
5069
2895
9410
5169
8051
6379
0483
4276
7108
8045
2738
7680
2736
2016
2901
8731
7659
1082
6351
0713
3960
1796
1032
5906
3842
3650
4138
0926
0753
1843
6780
4865
6573
5273
5671
1290
7653
9687
7385
3619
4321
6953
4501
2810
0714
8052
9307
5349
4790
6253
0174
2970
5236
5621
7406
0846
0754
3071
0372
8613
6785
5139
3654
4317
0463
6974
0519
6803
2168
7290
9134
2479
2509
1027
1863
5480
5987
9048
3046
2609
4802
4932
2508
9765
3680
5603
7153
4561
4601
5941
9163
4860
6842
4538
8593
3261
9257
6175
6793
4561
2485
0483
1624
8650
0931
2439
3829
8620
5164
0364
5190
5132
6753
6285
0157
8127
0314
1346
9183
8539
9423
9637
0748
0916
5946
6932
6795
5649
4126
3526
4812
2189
8512
8960
9213
5017
5072
7941
7125
4308
2713
9672
2038
8759
9873
1508
7142
9203
5123
7326
1827
8054
3620
2609
8712
1579
2538
4835
3947
0365
3951
5823
7432
6410
8261
5260
6105
7381
2913
1358
4318
2156
4267
7210
7653
9021
2571
6182
8270
8257
8651
8459
3241
3197
3029
0624
6195
3569
5173
0347
5418
0718
9132
8642
6041
0651
3782
4038
2638
6327
1025
3527
1523
3710
7649
2379
7593
6289
9457
2706
7836
1983
9078
1824
0785
7528
8247
7564
3625
9012
4897
0946
3249
9507
5160
6548
8213
4516
0594
0437
9871
7094
1670
8416
0759
5819
5617
7532
7245
0786
7023
8190
0982
3124
4785
8469
3826
7268
4185
9351
9107
3457
6137
6409
0247
0649
0384
4712
1096
8259
4905
4275
6397
6503
8796
3097
8063
3415
2153
1623
9780
1795
2584
2719
4590
0437
8014
3647
2098
2364
3689
4085
5362
4106
7591
5416
6317
1078
9347
1496
3195
5618
0567
8576
9164
2956
8439
1609
5347
3986
8032
7591
4705
2563
1458
7384
1592
1856
8347
1867
1624
4037
7034
6908
7042
5948
8639
9623
4159
1204
6923
0218
1530
7216
2196
3075
9630
7168
3912
4869
2798
1287
2146
0731
5984
1294
1328
9651
4370
2851
3610
7901
3826
3516
1486
4082
7980
9530
0531
9163
1896
7436
7345
8391
6504
1870
3194
2846
7250
7392
1065
7068
3901
1685
8617
9456
8740
2140
7812
8651
8213
1659
5968
4398
9746
9518
9208
3214
6271
3278
9085
1572
1360
3740
9754
9752
4197
9851
5942
2349
3920
4831
7018
2387
3817
6128
9532
8653
4108
9584
1796
4653
0583
9856
6145
1706
1952
5978
3567
4720
6725
0172
0135
8945
9863
7590
6293
6018
6790
0389
5812
7049
9684
5761
4370
6412
2340
0416
3467
1329
6780
7263
3802
1964
1257
2908
1234
3058
2416
3170
7802
1572
4058
6872
8054
7541
6783
1925
3492
1975
8034
9728
3124
8360
1847
4829
8512
5074
1532
4963
7305
5791
7583
0961
4205
5049
5027
0624
0157
4876
8623
5769
5976
9206
2794
2950
4028
3184
9831
0681
9461
6279
5947
5067
9456
3680
0893
6823
9263
7206
2065
1954
9837
8674
3476
4803
1798
3705
8916
6413
2649
5462
9741
4329
9716
8195
3546
0365
0396
1365
2086
7495
1687
7432
0587
9874
0254
5814
4178
5469
4257
2189
1206
3716
3795
4713
5417
7465
9761
4239
8764
1504
4635
1928
6735
4215
3145
1826
6853
8123
0276
3694
7381
3409
4526
2639
6132
0691
9231
4271
1984
2578
0782
1497
0815
2430
8597
6510
4289
8195
5460
5073
3205
9568
0391
1370
7862
6481
6318
5496
7241
7581
7324
2893
4650
9501
6845
4901
9017
9840
9183
5130
0489
